[10699,
13584,
7946,
16913,
13094,
17727,
10180,
15132,
7863,
12505,
8165,
15541,
8173,
8221,
7850,
8878,
12838,
5734,
17127,
10963,
6135,
16844,
11499,
17226,
14492,
8027,
11442,
16801,
17457,
12303,
14987,
12124,
17257,
8182,
16895,
11011,
12909,
13849,
12214,
13052,
8460,
10245,
13682,
6550,
14966,
13622,
8671,
13953,
14517,
6083,
12548,
15030,
12842,
8981,
15380,
15462,
10191,
11536,
15152,
12982,
5677,
12533,
9638,
11262,
17602,
6295,
11624,
12717,
15622,
11713,
17134,
16961,
8243,
23060,
6668,
16400,
13169,
7691,
9586,
5818,
9470,
8408,
9815,
12619,
11071,
14227,
12385,
16598,
10742,
6737,
10726,
7000,
13526,
15535,
9624,
13521,
13864,
16823,
7084,
8848,
13898,
6979,
7959,
8117,
5886,
17504,
17412,
13867,
8461,
8409,
16875,
18211,
18204,
18202,
18167,
10248,
11073,
9818,
7960,
15625,
11716,
6297,
9639,
18162,
19178,
0,
27800,
21859,
20336,
11315,
13845,
12384,
7414,
17501,
9560,
18184,
18212,
6952,
12282,
5842,
18195,
10192,
6084,
12983,
19157,
19177,
18213,
25266,
19482,
20045,
18207,
18182,
18206,
18217,
19456,
18165,
8244,
18179,
18180,
15463,
11353,
13051,
22885,
28008,
6551,
8462,
12499,
15355,
11625,
15153,
5678,
14494,
18203,
18166,
13053,
7001,
12887,
13576,
18200,
18210,
8477,
18209,
8095,
22884,
12778,
17136,
20549,
20575,
19156,
24023,
24447,
12382,
18176,
21360,
23982,
18196,
12196,
11028,
16853,
27659,
22737,
12476,
20424,
19666,
13553,
19667,
19669,
20487,
18183,
7692,
20486,
22918,
7865,
8982,
18187,
21451,
24222,
18175,
10743,
20474,
21478,
20339,
21617,
24006,
28007,
22886,
12126,
19668,
27506,
5888,
8984,
11263,
8672,
16401,
20548,
6669,
12549,
25494,
8599,
27610,
23990,
9461,
14986,
18171,
20137,
21138,
8631,
6614,
20577,
18189,
18411,
18188,
18418,
20390,
20562,
7861,
18170,
10246,
20188,
21860,
20187,
20475,
18181,
14779,
21511,
20371,
21347,
29008,
20138,
14476,
8282,
15479,
19670,
13851,
7899,
12006,
13324,
7897,
6959,
13146,
20391,
12902,
16287,
13954,
11715,
10247,
16600,
12620,
12843,
9817,
24457,
13955,
17569,
16964,
14518,
13172,
15381,
19600,
25364,
14229,
13683,
14228,
19576,
7081,
16840,
12773,
12386,
27638,
27511,
15032,
9471,
6649,
17728,
11013,
8849,
20590,
5675,
13807,
27277,
19457,
18158,
18178]